# Tiles Problem, generated at: Tue Feb 16 23:27:21 EST 2021
# Landscape
2 2 1 3   3 4   4 2 2 4   4       2 4 3
  2 1 3 2 2       1   1 2 2   2 3 4 4 4
2 1       2 2 4 3 2 2 2 1 2 2     1 1
  3 2   1   1 1 4 1 3 4 2 1       1 4 1
4 2 3 4 4 4   2 2     3 2 3   2   2 3 2
2 4 1   1 1 1 4 1   1 3   3 2   4   1 2
4 3 1 4 3 3 1 4   1 1 1 4 2 2 4 1 4 3 4
2 1 1 1 4 4 3 4 4 2   3   3   3 4 4
1     3   3 2 2 4 3 3 2 4       1 4 3
  1 3 1 3 2 3 2 1     1 4 3 2 1 2 4 1 3
  3   2 3 4 3 3 1     1 2 3 3   2 1 2 3
1 3 1 1 4 4 4 2   4 4 3 4 1 1 2 2 3 2 3
2 1   1 1 1   1 2 1 3 2 2 3 3 4     3 4
4 2     2 3 2 1 1 1 4   4 4 3 2 2   2 3
3 1 4 3   1 4 4 1 1 3 1 1 1     2 1 2
3 2 2 4 3 1 1 4 1     3 1 2 3 2 2 2 3 4
  2 2 1 3 3 1 1       3   4 4 2 2 2 4 4
  1 4 3     1 1 3 3   4 3 4 4 4 4 1 1 1
3 2 1 2   3 1 1 3 4 2 4   3   2     4 1
4   3 4   4 3 4 3 2 2 2 1 4 3 4 3     1

# Tiles:
{OUTER_BOUNDARY=5, EL_SHAPE=5, FULL_BLOCK=18}

# Targets:
1:18
2:11
3:12
4:9